features.npy
[[0, 0, 0, 0],
 [-0.3710391936512465, 0.9286172068051683, 0.7956411540985328, 0.6057682344797842],
 [0.7956411540985328, 0.6057682344797842, 0.41479551457531194, -0.9099146559365896],
 [-0.41479551457531194, -0.9099146559365896, 0.4605307863794757, -0.8876437319086423],
 [0.4605307863794757, -0.8876437319086423, 0.7328370663134932, 0.6804041697675234],
 [0.7328370663134932, 0.6804041697675234, 0.04756689651099331, 0.9988680545278803],
 [0.04756689651099331, 0.9988680545278803, 0.4283646321854092, 0.9036059660563663],
 [0.4283646321854092, 0.9036059660563663, 0.7509207345900379, 0.6603923457784454],
 [0.7509207345900379, 0.6603923457784454, 0.21034664981184037, 0.977626864868665],
 [-0.21034664981184037, 0.977626864868665, 0.8930069671923611, 0.45004283856750954],
 [0.8930069671923611, 0.45004283856750954, 0.6622830154754006, 0.7492537670327792],
 [-0.6622830154754006, 0.7492537670327792, 0.9262367009258349, 0.37694240124722705],
 [0.9262367009258349, 0.37694240124722705, 0.0875827305559966, 0.9961572492876593],
 [0.0875827305559966, 0.9961572492876593, 0.32335912307567033, 0.9462763219714068],
 [0.32335912307567033, 0.9462763219714068, 0.36270780385519513, 0.931902918239095],
 [0.36270780385519513, 0.931902918239095, 0.9167743491067545, 0.3994055493103302],
 [0.9167743491067545, 0.3994055493103302, 0.9340164338009012, -0.35723003987605356],
 [0.9340164338009012, -0.35723003987605356, 0.45036209556314666, -0.8928460017718459],
 [-0.45036209556314666, -0.8928460017718459, 0.9650408390165691, 0.262099559385735],
 [0.9650408390165691, 0.262099559385735, 0.9194861819971587, -0.3931223233502365],
 [-0.9194861819971587, -0.3931223233502365, 0.5314774628434632, -0.8470724328470826],
 [0.5314774628434632, -0.8470724328470826, 0.8266568600474327, 0.5627063494723685],
 [-0.8266568600474327, 0.5627063494723685, 0.21418733377790997, 0.9767926013484696],
 [0.21418733377790997, 0.9767926013484696, 0.6038000328957379, 0.7971358229781834],
 [0.6038000328957379, 0.7971358229781834, 0.411658156417814, 0.9113383357758449],
 [0.411658156417814, 0.9113383357758449, 0.2784955937545483, 0.9604375066912483],
 [0.2784955937545483, 0.9604375066912483, 0.4393380005160731, 0.8983218361492383],
 [0.4393380005160731, 0.8983218361492383, 0.7542457327311829, 0.6565922438293046],
 [0.7542457327311829, 0.6565922438293046, 0.8468708851890463, -0.5317985556760391],
 [-0.8468708851890463, -0.5317985556760391, 0.034185868051642865, -0.9994154923882037],
 [0.034185868051642865, -0.9994154923882037, 0.139745170515039, 0.9901875010914462],
 [-0.139745170515039, 0.9901875010914462, 0.6598876622190145, 0.7513642746704982],
 [0.6598876622190145, 0.7513642746704982, 0.24951084265399065, 0.9683720046542524],
 [-0.24951084265399065, 0.9683720046542524, 0.9365251529806484, 0.3506003962270622],
 [0.9365251529806484, 0.3506003962270622, 0.08396537349486678, 0.9964686728913597],
 [-0.08396537349486678, 0.9964686728913597, 0.5390443537513586, 0.8422773798985582],
 [0.5390443537513586, 0.8422773798985582, 0.8132262065232435, 0.5819477098707537],
 [0.8132262065232435, 0.5819477098707537, 0.449920028095735, 0.8930688485880207],
 [-0.449920028095735, 0.8930688485880207, 0, 0],
 [0, 0, 0, 0],
 [0, 0, 0, 0]]

eta.npy

[NaN, -21.77972132590914, 52.71585626826523, -155.49356027602423, 152.5786365182509, 47.12476562692509, 2.7264112085406698, 25.363820283879296, 48.67019782309968, -12.14266757646963, 63.25356753862087, -41.47422182490465, 67.85558392644633, 5.024558511340285, 18.86619255860306, 21.266584944622952, 66.45897824437162, 110.93018042080378, -153.23308200195794, 74.8053208834673, -113.14891952597436, 147.89466450634345, -55.75683275692153, 12.367854341378226, 37.142542505421986, 24.30904023663917, 16.170437547854622, 26.061650596001712, 48.95950713940572, -122.1270567209518, 178.0409123262214, -8.03310063671769, 41.29130583741883, -14.448568271181433, 69.47595758002578, -4.816532446228303, 32.618607535218274, 54.41234890018565, -26.73855315229333, NaN, NaN]

theta.npy

[NaN, 52.71585626826523, 155.49356027602423, 152.5786365182509, 47.12476562692509, 2.7264112085406698, 25.363820283879296, 48.67019782309968, 12.14266757646963, 63.25356753862087, 41.47422182490465, 67.85558392644633, 5.024558511340285, 18.86619255860306, 21.266584944622952, 66.45897824437162, 110.93018042080378, 153.23308200195794, 74.8053208834673, 113.14891952597436, 147.89466450634345, 55.75683275692153, 12.367854341378226, 37.142542505421986, 24.30904023663917, 16.170437547854622, 26.061650596001712, 48.95950713940572, 122.1270567209518, 178.0409123262214, 8.03310063671769, 41.29130583741883, 14.448568271181433, 69.47595758002578, 4.816532446228303, 32.618607535218274, 54.41234890018565, 26.73855315229333, 0, NaN, NaN]

feature_names.npy

['eta_sin', 'eta_cos', 'theta_sin', 'theta_cos']

metadata.npy

'{'feature_names': ['eta_sin', 'eta_cos', 'theta_sin', 'theta_cos'], 'feature_description': 'Pseudo-dihedral angle features in sin/cos encoding', 'column_0': 'eta_sin - sine of eta angle', 'column_1': 'eta_cos - cosine of eta angle', 'column_2': 'theta_sin - sine of theta angle', 'column_3': 'theta_cos - cosine of theta angle', 'extraction_timestamp': '2025-04-09 18:45:45'}'
