coupling_matrix.npy
[[0.00004353287011245594, 0.0015039961047721433, 0.006569338800093753, 0.005577190140724178, 0.003122252002381991, 0.0008921311556494768, 0.00009670435983767478, 0.000026436930171312684, 0.00011812452863362824, 0.00010905669133121555, 0.0006046302919117996, 0.002348353936213264, 0.0005854947496729572, 0.00000907742488191814, 0, 0, 0, 0, 0, 0, 0, 0, 0, 0, 0, 0.000008216491739521505, 0.0005299644818657556, 0.002125668497359376, 0.0005495337115424654, 0.00008669676577706888, 0.00001958577348678766, 0.0000013773200032359744, 0.000005544230198204868, 0.00005762323348191849, 0.00033020293158825465, 0.0011811458016723572, 0.011999957736381042, 0.06859265062938308, 0.21578497192999602, 0.46117163357420926],
 [0.0015039961047721433, 0.011238795884993772, 0.028585778094025655, 0.026055727390261258, 0.009701578244840199, 0.0033857220856486903, 0.0005824129152515598, 0.00017382620559901765, 0.0007516708837390906, 0.0005486125202076057, 0.00021698345250498966, 0.00047833544229556284, 0.00011890464028166086, 0.0000018434801351697366, 0, 0, 0, 0, 0, 0, 0, 0, 0, 0, 0, 0.0000016681029944569283, 0.00010759279838423642, 0.0004326887529956032, 0.00018496063773954026, 0.00031194343496235364, 0.00007847274872755278, 0.00007293716731798607, 0.00032232378958886723, 0.0006001580389975582, 0.0024389984141372726, 0.01124222418964754, 0.06594087184637683, 0.15497268577123555, 0.07840644062816722, 0.09431543275564643],
 [0.0065693388000937535, 0.028585778094025655, 0.025733219460161244, 0.03422490821262382, 0.01583761597807333, 0.006607671202744091, 0.0012033605271684498, 0.00033651397960286436, 0.001405096503050406, 0.0009227353487694992, 0.00017444455618897042, 0.00007235436353661542, 0.000017453522382612417, 2.705968558070553e-7, 0, 0, 0, 0, 0, 0, 0, 0, 0, 0, 0, 2.0526647215609734e-7, 0.0000132397065571629, 0.00005348162337836492, 0.00003808614873974066, 0.00009984922914011404, 0.000031599649876937895, 0.00043968621014962557, 0.002004454480663022, 0.0025797695903931423, 0.007597883706471425, 0.0347087702118441, 0.10929014006169195, 0.0698592599669051, 0.012786406886989427, 0.0016967276528741379],
 [0.005577190140724179, 0.02605572739026126, 0.03422490821262382, 0.01677604224041134, 0.010720255242394786, 0.007389094107559389, 0.001852264045139101, 0.0004854636880571451, 0.00115603947420146, 0.0014257769261657098, 0.0003927550615490756, 0.00034588690991537645, 0.00008507031937567915, 0.0000013189177772214957, 0, 0, 0, 0, 0, 0, 0, 0, 0, 0, 0, 7.212362643582748e-7, 0.00004651980617285763, 0.0001869700986934404, 0.00007280097805310447, 0.00010611902683985437, 0.00003934166437113909, 0.0008542471409567818, 0.004147881150424794, 0.0059383805718528585, 0.014511201946703349, 0.03253508905009736, 0.043604051536021565, 0.02017030939091321, 0.0033762739706393397, 0.0004653523658583036],
 [0.003122252002381991, 0.0097015782448402, 0.01583761597807333, 0.010720255242394786, 0.007190924961803819, 0.009980363745492061, 0.005534124537730046, 0.0021646444079764207, 0.0028053931044096673, 0.002698479108721458, 0.0006753909325959758, 0.0005050416892332842, 0.00014154386402570637, 0.000036272179472639645, 0.000007957368674890187, 1.2274173423490835e-7, 0, 0, 5.9367356128413556e-8, 0.0000038291999952971084, 0.000015356591441774953, 0.0000038291999952971084, 5.9367356128413556e-8, 1.0923911798681958e-7, 0.000007046166351529417, 0.000028451826745030192, 0.000018706039369465374, 0.00004775378274482959, 0.00008317606664852934, 0.0002872321737830418, 0.00008577234593526919, 0.0009312726786757662, 0.005706109299547137, 0.012239022262800773, 0.01704219199697119, 0.016378747917428802, 0.013153082252460847, 0.009100753200799071, 0.0034697196666470245, 0.001714769409596624],
 [0.0008921311556494767, 0.0033857220856486903, 0.006607671202744091, 0.007389094107559389, 0.00998036374549206, 0.007306970651799997, 0.00833843078247041, 0.004006744471934119, 0.002859628082110312, 0.002465889386696288, 0.0005817897427996837, 0.0004922554531961616, 0.0012634356483396942, 0.002217603208948329, 0.000513251020081785, 0.00000791685328109338, 0, 0, 0.0000038291999952971084, 0.0002469837560606087, 0.0009905015771534517, 0.0002469837560606087, 0.0000038291999952971084, 0.0000070459332764726196, 0.00045447838542410243, 0.0018235491187569694, 0.000458575357502729, 0.000012499097095630124, 0.0002316599061419286, 0.0009313926005851781, 0.00047636403498591424, 0.0030173962382779, 0.013908866689886055, 0.025198307676581187, 0.013132749430806834, 0.006420589231323751, 0.005410409101707616, 0.004274144159741874, 0.0017143217809360782, 0.0005516435025970442],
 [0.0000967043598376748, 0.0005824129152515599, 0.0012033605271684498, 0.001852264045139101, 0.005534124537730046, 0.00833843078247041, 0.0050615563046913815, 0.004426217384110023, 0.0024296734513751164, 0.0024345601592542765, 0.0005700705410671369, 0.0007732743441057754, 0.004773015350446488, 0.00888890134425718, 0.0020583375723781322, 0.00003174968178510965, 5.212793004945015e-10, 4.154464599436546e-8, 0.000016002406152055842, 0.0009925844098179035, 0.003972810687157103, 0.0009905094992360515, 0.000015356591441774953, 0.000028256951526607698, 0.001822639383775387, 0.007313374995284309, 0.001841774783724864, 0.000047046338727701686, 0.00022577275301780827, 0.0010894020510441196, 0.012902176935271818, 0.05598129488381499, 0.037920680241099916, 0.020400033922245445, 0.004974879340769277, 0.0010618536138425874, 0.0009068553732196202, 0.0011608305693927745, 0.002024946388648014, 0.00048531361889746],
 [0.000026436930171312688, 0.00017382620559901765, 0.0003365139796028644, 0.0004854636880571451, 0.0021646444079764207, 0.004006744471934119, 0.004426217384110022, 0.0026328023371407225, 0.002761359374350844, 0.0025720826501024843, 0.0005766485334557011, 0.000365608065822565, 0.0012317533713671678, 0.0022171120115644636, 0.000513251020081785, 0.00000791685328109338, 3.362256339467825e-8, 0.0000026815369412442586, 0.00004560707892105522, 0.0003818190125713138, 0.0010236159089697557, 0.0002474966345338172, 0.0000038291999952971084, 0.0000070459332764726196, 0.0004546819227128374, 0.0018368481788796243, 0.0005222466428983633, 0.0000747650071494061, 0.000561340968423081, 0.0029948803353101747, 0.050845976659202534, 0.2028500400240495, 0.05642209962177566, 0.004835644814532729, 0.000979698992946996, 0.00009813885609160847, 0.00004202444583030991, 0.0002752771891451075, 0.0006898643059368069, 0.0001682992369722832],
 [0.00011812452863362824, 0.0007516708837390907, 0.001405096503050406, 0.00115603947420146, 0.0028053931044096678, 0.0028596280821103124, 0.0024296734513751164, 0.0027613593743508443, 0.00272741109351212, 0.0039500829462220804, 0.0011735434191219524, 0.0010907236588791503, 0.00028620911970357577, 0.00003865237125690451, 0.000009842420603186047, 0.0000059435379974052794, 0.0000019222271439845656, 0.000034555472794099136, 0.0002861243478709893, 0.0007098955112005362, 0.0003567143144773695, 0.0000522289373280921, 0.000002413006888436183, 0.000006691465500982513, 0.000009756172432738684, 0.00009727301875717686, 0.0002912370044232439, 0.0003992325256317823, 0.00152912612596339, 0.001651339246189099, 0.013170802457402072, 0.050350910005761876, 0.012730803078623204, 0.0007436541996051211, 0.001324726832189916, 0.0003209179654775277, 0.00013506521554432628, 0.0007281747899943087, 0.001008897901024428, 0.0002253477722984427],
 [0.00010905669133121555, 0.0005486125202076057, 0.0009227353487694992, 0.00142577692616571, 0.002698479108721458, 0.0024658893866962876, 0.002434560159254276, 0.002572082650102484, 0.0039500829462220804, 0.00171871635814771, 0.0006559409499655847, 0.001721684037192903, 0.000428554675165353, 0.000015501543270469002, 0.00012158602480716865, 0.0003754419006860535, 0.00011532028256934222, 0.0015309460108007427, 0.007239178174595836, 0.009005181920864112, 0.01303790685918804, 0.002982701956792659, 0.0001518099688749747, 0.00042455421427717104, 0.0001071596566271729, 0.00008529936006923353, 0.0006538879620091635, 0.020412209901749707, 0.08167975568129852, 0.021416795139760254, 0.0016280808737607862, 0.00100667552975495, 0.00021121023115727356, 0.00022848752633385907, 0.0007588398322531073, 0.00018915642208594535, 0.00014559923980651148, 0.0007156056127296268, 0.0007547966801243118, 0.00016588222982886474],
 [0.0006046302919117996, 0.00021698345250498966, 0.00017444455618897042, 0.00039275506154907557, 0.0006753909325959757, 0.0005817897427996837, 0.000570070541067137, 0.0005766485334557012, 0.0011735434191219524, 0.0006559409499655849, 0.00028382653098702636, 0.0005707913442665599, 0.0002779866828396079, 0.0005943372635918783, 0.0006278412323575762, 0.0015081996334063103, 0.0004623510649678193, 0.006127377321668898, 0.028761632210567642, 0.03516094313418244, 0.05205141483409808, 0.011958150699329413, 0.0006088174218282568, 0.0017046954221782917, 0.0005595787915445053, 0.0006556621636717293, 0.002078392949109729, 0.08252880314607562, 0.3270009761917247, 0.08184276435621195, 0.001731080001476319, 0.00010094874768227801, 0.0000047201718413915325, 0.00007407714511573824, 0.0002929501808150791, 0.00007346536394249658, 0.00003352983842717763, 0.0003196818345193172, 0.0009452312372697418, 0.0007557014590689679],
 [0.0023483539362132645, 0.0004783354422955629, 0.00007235436353661541, 0.00034588690991537645, 0.0005050416892332841, 0.0004922554531961616, 0.0007732743441057754, 0.000365608065822565, 0.0010907236588791503, 0.001721684037192903, 0.0005707913442665599, 0.00037852617901566396, 0.009516925708403071, 0.03605739577292696, 0.009189088898729866, 0.0005437193449797967, 0.00011574507768813815, 0.001528802208999567, 0.007232084262248747, 0.009009442952085297, 0.013039476493950406, 0.002982726813459519, 0.00015183037651247318, 0.0005676135868096938, 0.009279621478962281, 0.03836193102822313, 0.01714695879843421, 0.026000157443225983, 0.08292168375718562, 0.021890139757762564, 0.0013953051381821067, 0.0002214642697049988, 0.00012807342824575952, 0.00020538963842397094, 0.0007016834226508768, 0.0001748551900308117, 0.000016033791359873106, 0.000839064724344023, 0.003779138634765635, 0.0030555348481950146],
 [0.0005854947496729572, 0.00011890464028166086, 0.000017453522382612417, 0.00008507031937567917, 0.00014154386402570634, 0.0012634356483396945, 0.004773015350446487, 0.001231753371367168, 0.0002862091197035757, 0.0004285546751653531, 0.0002779866828396079, 0.009516925708403071, 0.07177363338309366, 0.15328495540214268, 0.037727279864211226, 0.0009864665972645651, 0.000008365489484140864, 0.000023943222379443755, 0.00012766303836469594, 0.00020199399856118673, 0.00021769999731702244, 0.00004648465659098839, 0.000007940829910956152, 0.0014457426983231058, 0.07111636027173693, 0.28506900657735873, 0.09250752990146462, 0.008028989550744253, 0.0027245121777599445, 0.004770711790801724, 0.0012880596959403436, 0.00018558711212871264, 0.0004925937584822098, 0.00016597196896592714, 0.0001763068956590397, 0.000043489004496163854, 0.000012024423827775823, 0.0007337943659382887, 0.0030477604134632134, 0.001295062419469618],
 [0.00000907742488191814, 0.0000018434801351697366, 2.705968558070553e-7, 0.000001318917777221496, 0.000036272179472639645, 0.002217603208948329, 0.00888890134425718, 0.002217112011564464, 0.00003865237125690451, 0.000015501543270469, 0.0005943372635918784, 0.03605739577292695, 0.15328495540214268, 0.07442374753019512, 0.015170633300039888, 0.0014848680292685887, 0.000057952377439120706, 0.000011164151207774356, 0.000007884451877939556, 0.0000030294203393153584, 8.551955503656525e-7, 0.000006859860501815033, 0.0005841675316279642, 0.021611562553574035, 0.2224950303672761, 0.6193535168587236, 0.15571712365622692, 0.0038216539471146367, 0.00037023237267981644, 0.0011004387518604212, 0.00027321670094071997, 0.00003543593315901861, 0.00012250450100240295, 0.00003121564488700174, 0.000003177504491839647, 6.742471588751825e-7, 0.000002216490484793473, 0.00014231605914005553, 0.0005723703743444072, 0.00015304794244996137],
 [0, 0, 0, 0, 0.000007957368674890187, 0.0005132510200817849, 0.002058337572378132, 0.0005132510200817849, 0.000009842420603186045, 0.00012158602480716865, 0.0006278412323575762, 0.009189088898729868, 0.03772727986421123, 0.01517063330003989, 0.0029136484929713456, 0.0009874547727580618, 0.0025428064437688137, 0.0012105601296189005, 0.0006143060840443753, 0.0001318993125906628, 0.0001110137822741506, 0.0009888449028136014, 0.021840139741657882, 0.1485656795904704, 0.341197929081042, 0.21658575485391024, 0.03843585882748537, 0.0009765912059532629, 0.00041959086479440055, 0.00011911349235126911, 0.000005770237330959254, 5.382505938473866e-7, 0.0000018989579495118702, 4.7350935908599016e-7, 7.341219781029926e-9, 0, 3.35605157327589e-8, 0.0000021646563880675043, 0.000008681119765018094, 0.000002198216903800263],
 [0, 0, 0, 0, 1.2274173423490835e-7, 0.00000791685328109338, 0.00003174968178510965, 0.00000791685328109338, 0.000005943537997405279, 0.0003754419006860535, 0.00150819963340631, 0.0005437193449797968, 0.000986466597264565, 0.0014848680292685885, 0.0009874547727580618, 0.005063280766108602, 0.018630186231286525, 0.03468279494980111, 0.009951895906070048, 0.0007329683918881503, 0.0050649982905060726, 0.03803197451015641, 0.1542452271365481, 0.3418754002219937, 0.1485525843496222, 0.022207807565527843, 0.001986626485507929, 0.0003909264074568144, 0.0005682113741707116, 0.00014076274980242043, 0.000002182365065130705, 0, 0, 0, 0, 0, 0, 0, 0, 0],
 [0, 0, 0, 0, 0, 0, 5.212793004945015e-10, 3.3622563394678243e-8, 0.0000019222271439845656, 0.00011532028256934222, 0.00046235106496781927, 0.00011574507768813816, 0.000008365489484140864, 0.0000579523774391207, 0.002542806443768814, 0.018630186231286525, 0.06814097603805447, 0.13703210326632204, 0.03803160022646579, 0.00324710396583441, 0.03477392082475818, 0.20652577847005243, 0.34794741596874373, 0.15083965270432975, 0.02128055468415559, 0.001389175019975874, 0.003240384740101498, 0.000858148240008151, 0.00022173000280408138, 0.00005217322452605126, 8.088860348401412e-7, 0, 0, 0, 0, 0, 0, 0, 0, 0],
 [0, 0, 0, 0, 0, 0, 4.154464599436546e-8, 0.000002681536941244258, 0.000034555472794099136, 0.0015309460108007425, 0.006127377321668897, 0.001528802208999567, 0.000023943222379443752, 0.00001116415120777436, 0.0012105601296189005, 0.03468279494980111, 0.137032103266322, 0.07481035029692026, 0.04283536449451142, 0.053524685822554666, 0.10532062923572592, 0.30511974275488696, 0.18622495526339145, 0.03247045368399268, 0.0009257303465377898, 0.0007661091208394864, 0.0030658412399393775, 0.0021476314528394947, 0.005577060920431276, 0.0013876645004580882, 0.000021514092245438767, 0, 0, 0, 0, 0, 2.7529875483393503e-8, 0.0000017756795307427715, 0.000007121170249302597, 0.000001803209406226165],
 [0, 0, 0, 0, 5.9367356128413556e-8, 0.0000038291999952971084, 0.000016002406152055845, 0.00004560707892105522, 0.00028612434787098935, 0.007239178174595836, 0.028761632210567642, 0.007232084262248748, 0.00012766303836469594, 0.000007884451877939555, 0.0006143060840443753, 0.009951895906070048, 0.03803160022646579, 0.04283536449451142, 0.09184556698171828, 0.20921293747877595, 0.21181598640696198, 0.12111699990046827, 0.03409152444285182, 0.006149502896382253, 0.0006964573278320013, 0.0001612062663792974, 0.0007224451963122082, 0.006796545601832168, 0.026430916966885574, 0.006586571617511678, 0.00010211369365589462, 0, 0, 0, 0, 0, 0.0000017756795307427715, 0.00011453149498626815, 0.0004593161438106995, 0.00011630717451701092],
 [0, 0, 0, 0, 0.0000038291999952971084, 0.0002469837560606087, 0.0009925844098179033, 0.0003818190125713137, 0.0007098955112005361, 0.00900518192086411, 0.03516094313418244, 0.009009442952085297, 0.00020199399856118673, 0.000003029420339315358, 0.0001318993125906628, 0.0007329683918881502, 0.00324710396583441, 0.053524685822554666, 0.20921293747877598, 0.17797624346141183, 0.2223869292534303, 0.06352887197678272, 0.004883560627465535, 0.001152596876212813, 0.00024892891142384014, 0.00000983332783201293, 0.00021127174284406023, 0.008736071335159518, 0.034121788918028494, 0.00849447929226264, 0.00013168293278774474, 0, 0, 0, 0, 0, 0.000007121170249302597, 0.0004593161438106995, 0.0018420375983953217, 0.00046643731406000206],
 [0, 0, 0, 0, 0.000015356591441774953, 0.0009905015771534517, 0.003972810687157103, 0.0010236159089697559, 0.0003567143144773695, 0.013037906859188039, 0.05205141483409807, 0.013039476493950403, 0.00021769999731702244, 8.551955503656525e-7, 0.00011101378227415061, 0.005064998290506072, 0.03477392082475818, 0.10532062923572591, 0.21181598640696203, 0.2223869292534303, 0.09236412582212086, 0.028516636374873762, 0.019606730728998746, 0.005467292659878211, 0.00042377169871632675, 0.00018600780919970434, 0.0009368935686969886, 0.013102352526629278, 0.05160298793524979, 0.012863170195837282, 0.00019942515911400483, 0, 0, 0, 0, 0, 0.0000017756795307427715, 0.00011453149498626815, 0.0004593161438106995, 0.00011630717451701092],
 [0, 0, 0, 0, 0.0000038291999952971084, 0.0002469837560606087, 0.0009905094992360515, 0.00024749663453381714, 0.0000522289373280921, 0.0029827019567926594, 0.011958150699329411, 0.002982726813459519, 0.00004648465659098839, 0.000006859860501815032, 0.0009888449028136017, 0.038031974510156406, 0.20652577847005246, 0.30511974275488696, 0.12111699990046827, 0.06352887197678272, 0.028516636374873762, 0.03761099149502065, 0.0692864596580614, 0.018385173569060827, 0.0008458985157626421, 0.0007801206331680444, 0.0031382068990522534, 0.0037304773424798082, 0.011877067309812694, 0.0029585387274697643, 0.00004586869628348473, 0, 0, 0, 0, 0, 2.7529875483393503e-8, 0.0000017756795307427715, 0.000007121170249302597, 0.000001803209406226165],
 [0, 0, 0, 0, 5.9367356128413556e-8, 0.0000038291999952971084, 0.000015356591441774953, 0.0000038291999952971084, 0.000002413006888436183, 0.0001518099688749747, 0.0006088174218282568, 0.00015183037651247318, 0.00000794082991095615, 0.0005841675316279643, 0.021840139741657882, 0.1542452271365481, 0.34794741596874373, 0.18622495526339142, 0.034091524442851816, 0.004883560627465534, 0.019606730728998746, 0.06928645965806139, 0.035935870320492024, 0.012763048841303956, 0.0020817483574262705, 0.00042605193244893853, 0.0015544159548905362, 0.00044487171002691736, 0.00023848673486255088, 0.00005797159032339158, 8.987830492756085e-7, 0, 0, 0, 0, 0, 0, 0, 0, 0],
 [0, 0, 0, 0, 1.0923911798681958e-7, 0.00000704593327647262, 0.000028256951526607695, 0.00000704593327647262, 0.000006691465500982513, 0.00042455421427717104, 0.0017046954221782917, 0.0005676135868096938, 0.0014457426983231058, 0.021611562553574038, 0.1485656795904704, 0.3418754002219937, 0.15083965270432975, 0.032470453683992685, 0.006149502896382254, 0.001152596876212813, 0.005467292659878211, 0.018385173569060827, 0.01276304884130396, 0.004133315213802637, 0.0006716531112267285, 0.0006410740281797275, 0.000565971871988003, 0.0001616898353926656, 0.00020086377963834406, 0.00004956111617131917, 7.682792813587289e-7, 0, 0, 0, 0, 0, 0, 0, 0, 0],
 [0, 0, 0, 0, 0.000007046166351529417, 0.00045447838542410243, 0.001822639383775387, 0.0004546819227128374, 0.000009756172432738682, 0.0001071596566271729, 0.0005595787915445053, 0.00927962147896228, 0.07111636027173693, 0.22249503036727608, 0.341197929081042, 0.1485525843496222, 0.02128055468415559, 0.0009257303465377898, 0.0006964573278320011, 0.00024892891142384014, 0.00042377169871632675, 0.0008458985157626421, 0.0020817483574262705, 0.0006716531112267285, 0.0010682387591240982, 0.0024466243126311455, 0.0014268106224997923, 0.000358141301058025, 0.00008296272533803972, 0.000014756025785550094, 0.000007949058588449338, 0.0000019343463815368836, 2.998982310912127e-8, 0, 0, 0, 1.984723415184613e-9, 1.2801484498740588e-7, 5.133896572046799e-7, 1.299995684025905e-7],
 [0.000008216491739521505, 0.0000016681029944569283, 2.0526647215609734e-7, 7.212362643582748e-7, 0.000028451826745030192, 0.0018235491187569696, 0.007313374995284309, 0.0018368481788796247, 0.00009727301875717686, 0.00008529936006923351, 0.0006556621636717293, 0.03836193102822313, 0.2850690065773588, 0.6193535168587239, 0.21658575485391027, 0.022207807565527843, 0.0013891750199758741, 0.0007661091208394865, 0.0001612062663792974, 0.000009833327832012929, 0.00018600780919970436, 0.0007801206331680442, 0.0004260519324489386, 0.0006410740281797275, 0.002446624312631145, 0.0011591512774769747, 0.0005256052365126597, 0.0007235843563973402, 0.00017012169283474015, 0.00012992361677491355, 0.0005058073034920439, 0.00012995184015192584, 0.00000428059377310316, 7.023715883419957e-7, 1.0508582713947497e-7, 5.667018281330134e-7, 0.0000031566637420217024, 0.00001389720459232763, 0.00004353392851105818, 0.00001970753770643454],
 [0.0005299644818657556, 0.00010759279838423643, 0.0000132397065571629, 0.00004651980617285763, 0.000018706039369465377, 0.000458575357502729, 0.0018417747837248639, 0.0005222466428983633, 0.0002912370044232439, 0.0006538879620091635, 0.002078392949109729, 0.017146958798434208, 0.09250752990146463, 0.15571712365622692, 0.03843585882748537, 0.0019866264855079286, 0.003240384740101498, 0.003065841239939377, 0.0007224451963122082, 0.00021127174284406023, 0.0009368935686969886, 0.003138206899052253, 0.0015544159548905364, 0.0005659718719880029, 0.0014268106224997923, 0.0005256052365126597, 0.00046157795396181765, 0.0009547108679604864, 0.000266816218891905, 0.0006993055975069849, 0.0023681904084682957, 0.000835036409305289, 0.00015909066156188456, 0.000045303032814169266, 0.000006778045630293479, 0.00003655232065460325, 0.00019586152537668953, 0.0003969093744896273, 0.0008049057819501474, 0.00076393282132917],
 [0.002125668497359376, 0.00043268875299560324, 0.00005348162337836492, 0.0001869700986934404, 0.00004775378274482959, 0.000012499097095630124, 0.00004704633872770167, 0.00007476500714940611, 0.0003992325256317823, 0.020412209901749707, 0.08252880314607564, 0.02600015744322598, 0.008028989550744253, 0.003821653947114637, 0.0009765912059532629, 0.0003909264074568144, 0.0008581482400081511, 0.0021476314528394947, 0.0067965456018321685, 0.00873607133515952, 0.013102352526629274, 0.0037304773424798082, 0.00044487171002691736, 0.0001616898353926656, 0.00035814130105802505, 0.0007235843563973402, 0.0009547108679604863, 0.0004192458825467598, 0.0008513019707133821, 0.003421966625723814, 0.002585102071152785, 0.001490799394380115, 0.0006190650293451286, 0.00019275440238044987, 0.00003549152861569658, 0.00015287335082758835, 0.0007876044874896806, 0.0014711358653108743, 0.00272937651499247, 0.0029372100884532603],
 [0.0005495337115424654, 0.00018496063773954029, 0.00003808614873974066, 0.00007280097805310447, 0.00008317606664852935, 0.00023165990614192858, 0.00022577275301780827, 0.0005613409684230809, 0.0015291261259633901, 0.08167975568129854, 0.3270009761917247, 0.0829216837571856, 0.0027245121777599445, 0.00037023237267981644, 0.00041959086479440055, 0.0005682113741707117, 0.0002217300028040814, 0.0055770609204312755, 0.02643091696688558, 0.03412178891802849, 0.05160298793524978, 0.011877067309812693, 0.0002384867348625509, 0.00020086377963834406, 0.00008296272533803971, 0.00017012169283474015, 0.00026681621889190494, 0.0008513019707133821, 0.005382715302904114, 0.011660430040677334, 0.0037639251973000795, 0.001317561080463169, 0.0008420841994996937, 0.0007777476655202675, 0.0005595033611094454, 0.0004744518672602344, 0.000473493748962613, 0.0006240634170869183, 0.0007325893620231502, 0.0007349255635495179],
 [0.0000866967657770689, 0.0003119434349623536, 0.00009984922914011405, 0.00010611902683985437, 0.00028723217378304183, 0.000931392600585178, 0.0010894020510441194, 0.0029948803353101747, 0.0016513392461890988, 0.021416795139760254, 0.08184276435621196, 0.021890139757762567, 0.004770711790801724, 0.0011004387518604212, 0.00011911349235126911, 0.00014076274980242046, 0.000052173224526051265, 0.001387664500458088, 0.006586571617511679, 0.00849447929226264, 0.01286317019583728, 0.0029585387274697643, 0.00005797159032339158, 0.000049561116171319176, 0.000014756025785550094, 0.00012992361677491355, 0.0006993055975069849, 0.003421966625723814, 0.011660430040677336, 0.006464845461899582, 0.0040794934472269135, 0.005320729936455328, 0.004690926013217106, 0.004067059464629623, 0.0032446970354978568, 0.0037367633167883817, 0.0021290609200201975, 0.0015073513654600174, 0.0005591322515833665, 0.0002499406381807513],
 [0.00001958577348678766, 0.00007847274872755278, 0.000031599649876937895, 0.0000393416643711391, 0.00008577234593526919, 0.00047636403498591424, 0.012902176935271814, 0.050845976659202534, 0.01317080245740207, 0.0016280808737607862, 0.001731080001476319, 0.0013953051381821067, 0.0012880596959403438, 0.00027321670094072, 0.000005770237330959254, 0.0000021823650651307055, 8.088860348401412e-7, 0.000021514092245438767, 0.00010211369365589464, 0.00013168293278774477, 0.00019942515911400483, 0.00004586869628348473, 8.987830492756085e-7, 7.682792813587289e-7, 0.000007949058588449338, 0.0005058073034920441, 0.0023681904084682953, 0.0025851020711527856, 0.0037639251973000795, 0.0040794934472269135, 0.004003273918789305, 0.008256086703365619, 0.010831383899053717, 0.006816898506565368, 0.005690127826072061, 0.009536639996656203, 0.0047743242520201686, 0.0022453279277416843, 0.0013774533535596861, 0.000944309080530793],
 [0.0000013773200032359744, 0.00007293716731798608, 0.00043968621014962546, 0.0008542471409567817, 0.0009312726786757661, 0.0030173962382778995, 0.055981294883814973, 0.20285004002404952, 0.050350910005761876, 0.00100667552975495, 0.00010094874768227801, 0.0002214642697049988, 0.00018558711212871264, 0.00003543593315901861, 5.382505938473865e-7, 0, 0, 0, 0, 0, 0, 0, 0, 0, 0.0000019343463815368832, 0.00012995184015192587, 0.0008350364093052891, 0.001490799394380115, 0.001317561080463169, 0.005320729936455327, 0.008256086703365619, 0.0071262275293217155, 0.011869987338185967, 0.010648860153581356, 0.007533480110988491, 0.008241378866163147, 0.003991101846852434, 0.0020033492064300716, 0.0006199784489665709, 0.00023967135420142332],
 [0.000005544230198204868, 0.0003223237895888673, 0.0020044544806630225, 0.004147881150424793, 0.005706109299547136, 0.013908866689886053, 0.03792068024109992, 0.05642209962177567, 0.012730803078623204, 0.00021121023115727359, 0.000004720171841391533, 0.00012807342824575952, 0.0004925937584822098, 0.00012250450100240298, 0.0000018989579495118705, 0, 0, 0, 0, 0, 0, 0, 0, 0, 2.998982310912127e-8, 0.00000428059377310316, 0.00015909066156188453, 0.0006190650293451285, 0.0008420841994996937, 0.004690926013217106, 0.010831383899053717, 0.011869987338185967, 0.011874598606382554, 0.02027745661997228, 0.01880495341332966, 0.01869339065140351, 0.011066416079431932, 0.006817098935541352, 0.0013408145794418594, 0.000026579471891465944],
 [0.000057623233481918505, 0.0006001580389975583, 0.0025797695903931423, 0.0059383805718528585, 0.012239022262800775, 0.025198307676581183, 0.020400033922245445, 0.004835644814532729, 0.0007436541996051211, 0.00022848752633385907, 0.00007407714511573825, 0.00020538963842397094, 0.0001659719689659271, 0.00003121564488700174, 4.7350935908599016e-7, 0, 0, 0, 0, 0, 0, 0, 0, 0, 0, 7.023715883419956e-7, 0.000045303032814169266, 0.00019275440238044982, 0.0007777476655202678, 0.004067059464629623, 0.006816898506565368, 0.010648860153581356, 0.020277456619972288, 0.016406289584973303, 0.02422961597197349, 0.025402684994447377, 0.013458068912751614, 0.007186056757212025, 0.002005848131331162, 0.0001995243007770362],
 [0.00033020293158825465, 0.0024389984141372726, 0.007597883706471425, 0.01451120194670335, 0.017042191996971198, 0.013132749430806836, 0.004974879340769277, 0.000979698992946996, 0.001324726832189916, 0.0007588398322531072, 0.00029295018081507905, 0.0007016834226508768, 0.0001763068956590397, 0.0000031775044918396476, 7.341219781029926e-9, 0, 0, 0, 0, 0, 0, 0, 0, 0, 0, 1.0508582713947497e-7, 0.000006778045630293479, 0.000035491528615696574, 0.0005595033611094454, 0.0032446970354978568, 0.005690127826072061, 0.007533480110988491, 0.01880495341332966, 0.02422961597197349, 0.019542276862093956, 0.028347681010205194, 0.0187353361010626, 0.01146645815429437, 0.004879506608968832, 0.0008555405457446456],
 [0.0011811458016723574, 0.011242224189647543, 0.03470877021184409, 0.03253508905009736, 0.016378747917428802, 0.006420589231323751, 0.0010618536138425874, 0.00009813885609160847, 0.0003209179654775277, 0.00018915642208594535, 0.00007346536394249658, 0.0001748551900308117, 0.000043489004496163854, 6.742471588751826e-7, 0, 0, 0, 0, 0, 0, 0, 0, 0, 0, 0, 5.667018281330134e-7, 0.000036552320654603244, 0.00015287335082758835, 0.0004744518672602344, 0.0037367633167883813, 0.0095366399966562, 0.008241378866163145, 0.01869339065140351, 0.02540268499444738, 0.028347681010205194, 0.01760323193680212, 0.020408925160108473, 0.018708726978408332, 0.005345143322736979, 0.0009008981547170465],
 [0.011999957736381042, 0.06594087184637683, 0.10929014006169194, 0.043604051536021565, 0.01315308225246085, 0.005410409101707617, 0.0009068553732196202, 0.00004202444583030991, 0.00013506521554432628, 0.00014559923980651148, 0.00003352983842717764, 0.000016033791359873106, 0.000012024423827775823, 0.000002216490484793473, 3.35605157327589e-8, 0, 0, 2.7529875483393503e-8, 0.0000017756795307427715, 0.000007121170249302597, 0.0000017756795307427715, 2.7529875483393503e-8, 0, 0, 1.984723415184613e-9, 0.000003156663742021703, 0.00019586152537668953, 0.0007876044874896806, 0.00047349374896261297, 0.0021290609200201975, 0.004774324252020168, 0.003991101846852433, 0.011066416079431929, 0.013458068912751614, 0.0187353361010626, 0.020408925160108476, 0.019190421649458427, 0.029488260331577767, 0.013763485183745178, 0.003918280950528762],
 [0.06859265062938309, 0.15497268577123555, 0.0698592599669051, 0.02017030939091321, 0.009100753200799071, 0.004274144159741875, 0.0011608305693927745, 0.00027527718914510755, 0.0007281747899943087, 0.0007156056127296268, 0.00031968183451931714, 0.000839064724344023, 0.0007337943659382887, 0.00014231605914005553, 0.0000021646563880675043, 0, 0, 0.0000017756795307427715, 0.00011453149498626815, 0.0004593161438106995, 0.00011453149498626815, 0.0000017756795307427715, 0, 0, 1.2801484498740588e-7, 0.00001389720459232763, 0.00039690937448962733, 0.0014711358653108745, 0.0006240634170869183, 0.0015073513654600176, 0.0022453279277416848, 0.0020033492064300716, 0.006817098935541352, 0.007186056757212025, 0.01146645815429437, 0.018708726978408332, 0.029488260331577767, 0.02007980775502112, 0.02659444594485796, 0.04135669776208042],
 [0.21578497192999596, 0.07840644062816723, 0.012786406886989427, 0.0033762739706393397, 0.003469719666647024, 0.0017143217809360782, 0.002024946388648014, 0.0006898643059368069, 0.0010088979010244277, 0.0007547966801243116, 0.000945231237269742, 0.003779138634765635, 0.003047760413463213, 0.0005723703743444072, 0.000008681119765018094, 0, 0, 0.000007121170249302597, 0.0004593161438106995, 0.0018420375983953217, 0.0004593161438106995, 0.000007121170249302597, 0, 0, 5.1338965720468e-7, 0.000043533928511058166, 0.0008049057819501474, 0.00272937651499247, 0.0007325893620231504, 0.0005591322515833665, 0.001377453353559686, 0.0006199784489665709, 0.0013408145794418598, 0.002005848131331162, 0.004879506608968832, 0.00534514332273698, 0.013763485183745178, 0.026594445944857957, 0.059156550043136316, 0.1343171791830769],
 [0.4611716335742093, 0.09431543275564643, 0.0016967276528741383, 0.0004653523658583036, 0.0017147694095966239, 0.0005516435025970443, 0.00048531361889746, 0.0001682992369722832, 0.00022534777229844268, 0.00016588222982886472, 0.0007557014590689679, 0.0030555348481950146, 0.0012950624194696181, 0.00015304794244996137, 0.000002198216903800263, 0, 0, 0.0000018032094062261652, 0.00011630717451701093, 0.0004664373140600022, 0.00011630717451701093, 0.0000018032094062261652, 0, 0, 1.299995684025905e-7, 0.00001970753770643454, 0.0007639328213291701, 0.00293721008845326, 0.0007349255635495179, 0.0002499406381807513, 0.0009443090805307931, 0.0002396713542014233, 0.000026579471891465944, 0.00019952430077703617, 0.0008555405457446454, 0.0009008981547170464, 0.003918280950528761, 0.04135669776208041, 0.1343171791830769, 0.06357334285814048]]

method.npy

'mutual_information_enhanced'

msa_file.npy

'data/raw/MSA/1A51_A.MSA.fasta'

sequence_count.npy

3000

sequence_length.npy

40

parameters.npy

Unable to show a serialized python object.
